0 6 16 0.0030879600748596
0 0 9 0.0020274485339988
0 7 9 0.0017779164067374
0 14 16 0.0014971927635683
0 0 5 0.0014036182158453
0 16 18 0.0013100436681223
0 2 14 0.0012788521522146
0 1 0 0.0012476606363069
0 0 1 0.0012164691203993
0 5 0 0.0012164691203993
0 7 1 0.0011852776044916
0 7 5 0.0011228945726762
0 6 8 0.0010605115408609
0 13 14 0.0010293200249532
0 14 13 0.0009981285090455
0 9 11 0.0009669369931379
0 16 3 0.0009357454772302
0 3 16 0.0009045539613225
0 16 0 0.0009045539613225
0 14 18 0.0008733624454148
0 3 14 0.0008421709295072
0 11 9 0.0008109794135995
0 5 12 0.0007797878976918
0 6 13 0.0007797878976918
0 16 13 0.0007485963817842
0 8 14 0.0007485963817842
0 6 1 0.0007174048658765
0 6 18 0.0007174048658765
0 10 0 0.0005926388022458
0 18 16 0.0005614472863381
0 6 12 0.0005302557704304
0 1 19 0.0004990642545228
0 14 20 0.0004990642545228
0 14 14 0.0004366812227074
0 6 14 0.0004366812227074
0 12 11 0.0004366812227074
0 12 1 0.0004054897067998
0 8 16 0.0004054897067998
0 11 0 0.0004054897067998
0 11 12 0.0003742981908921
0 9 14 0.0003742981908921
0 10 9 0.0003742981908921
0 15 9 0.0003431066749844
0 4 14 0.0003431066749844
0 10 12 0.0003119151590767
0 13 1 0.0003119151590767
0 13 16 0.0002807236431691
0 19 1 0.0002807236431691
0 18 14 0.0002807236431691
0 9 15 0.0002495321272614
1 6 9 0.0039613225202745
1 16 13 0.0035246412975671
1 3 16 0.0024329382407985
1 16 14 0.0019338739862757
1 9 0 0.0017779164067374
1 16 5 0.0017155333749220
1 10 9 0.0015907673112913
1 14 16 0.0015907673112913
1 6 16 0.0015907673112913
1 13 16 0.0015283842794760
1 0 9 0.0014660012476606
1 7 9 0.0012476606363069
1 5 1 0.0012476606363069
1 1 5 0.0012164691203993
1 1 1 0.0011228945726762
1 6 14 0.0010917030567686
1 16 16 0.0010293200249532
1 10 1 0.0009357454772302
1 5 14 0.0007797878976918
1 13 13 0.0007485963817842
1 12 12 0.0007174048658765
1 13 14 0.0007174048658765
1 14 14 0.0007174048658765
1 0 5 0.0006862133499688
1 11 17 0.0006238303181535
1 10 5 0.0005926388022458
1 2 8 0.0005614472863381
1 12 1 0.0005302557704304
1 3 8 0.0005302557704304
1 5 11 0.0004990642545228
1 2 13 0.0004990642545228
1 18 13 0.0004678727386151
1 12 19 0.0004054897067998
1 0 0 0.0004054897067998
1 18 18 0.0004054897067998
1 9 19 0.0004054897067998
1 13 8 0.0004054897067998
1 1 11 0.0003742981908921
1 4 13 0.0003742981908921
1 8 13 0.0003742981908921
1 19 19 0.0003742981908921
1 3 0 0.0003431066749844
1 17 11 0.0003431066749844
1 4 8 0.0003431066749844
1 11 11 0.0003431066749844
1 13 20 0.0003119151590767
1 13 18 0.0003119151590767
1 9 18 0.0003119151590767
1 2 18 0.0003119151590767
1 8 8 0.0002807236431691
2 14 16 0.0026200873362445
2 6 16 0.0021210230817218
2 16 16 0.0018091079226450
2 16 6 0.0014660012476606
2 14 5 0.0014348097317530
2 16 7 0.0013100436681223
2 1 16 0.0011852776044916
2 0 16 0.0010917030567686
2 6 9 0.0009669369931379
2 5 6 0.0009669369931379
2 9 6 0.0009357454772302
2 7 16 0.0007797878976918
2 12 6 0.0007797878976918
2 5 2 0.0007485963817842
2 10 2 0.0007174048658765
2 1 2 0.0006550218340611
2 14 9 0.0006238303181535
2 6 7 0.0005926388022458
2 16 15 0.0005926388022458
2 13 10 0.0005614472863381
2 7 5 0.0005302557704304
2 2 10 0.0004990642545228
2 13 5 0.0004366812227074
2 12 16 0.0004366812227074
2 10 4 0.0004366812227074
2 1 5 0.0004366812227074
2 7 6 0.0004054897067998
2 14 12 0.0003742981908921
2 0 6 0.0003742981908921
2 16 9 0.0003431066749844
2 19 6 0.0003431066749844
2 5 4 0.0003119151590767
2 5 18 0.0003119151590767
2 3 16 0.0002807236431691
2 4 10 0.0002495321272614
2 14 18 0.0002495321272614
2 9 16 0.0002495321272614
2 2 5 0.0002495321272614
2 1 6 0.0002495321272614
2 10 6 0.0002183406113537
2 1 18 0.0002183406113537
2 14 7 0.0002183406113537
2 11 3 0.0001871490954460
2 1 8 0.0001871490954460
2 3 10 0.0001871490954460
2 3 11 0.0001871490954460
2 17 3 0.0001559575795384
2 14 13 0.0001247660636307
2 5 8 0.0001247660636307
2 10 3 0.0001247660636307
3 3 16 0.0037117903930131
3 16 5 0.0031191515907673
3 14 5 0.0028384279475983
3 3 9 0.0027136618839676
3 9 3 0.0027136618839676
3 6 1 0.0026824703680599
3 6 5 0.0025888958203369
3 5 16 0.0020274485339988
3 9 5 0.0015283842794760
3 9 12 0.0014660012476606
3 9 16 0.0014660012476606
3 16 13 0.0012788521522146
3 5 9 0.0010917030567686
3 0 6 0.0010293200249532
3 0 16 0.0008733624454148
3 7 6 0.0008421709295072
3 14 11 0.0008109794135995
3 16 12 0.0008109794135995
3 10 3 0.0007797878976918
3 3 1 0.0007485963817842
3 6 3 0.0007485963817842
3 8 5 0.0006862133499688
3 14 7 0.0006550218340611
3 14 9 0.0006238303181535
3 9 6 0.0005926388022458
3 6 9 0.0005614472863381
3 3 11 0.0005614472863381
3 14 0 0.0005302557704304
3 1 3 0.0004990642545228
3 13 11 0.0004366812227074
3 12 6 0.0004054897067998
3 0 14 0.0004054897067998
3 10 4 0.0004054897067998
3 4 15 0.0004054897067998
3 5 1 0.0004054897067998
3 16 0 0.0003431066749844
3 12 14 0.0003431066749844
3 9 14 0.0003431066749844
3 14 12 0.0003119151590767
3 17 13 0.0003119151590767
3 8 17 0.0003119151590767
3 11 8 0.0002807236431691
3 1 13 0.0002495321272614
3 14 8 0.0002495321272614
3 9 9 0.0002495321272614
3 5 18 0.0002495321272614
3 11 4 0.0002495321272614
3 5 13 0.0002183406113537
3 19 6 0.0002183406113537
3 5 2 0.0001871490954460
4 1 16 0.0019650655021834
4 7 9 0.0014660012476606
4 16 3 0.0012476606363069
4 16 7 0.0012476606363069
4 5 6 0.0010605115408609
4 9 6 0.0009669369931379
4 10 5 0.0008733624454148
4 12 6 0.0008421709295072
4 9 16 0.0007174048658765
4 12 16 0.0007174048658765
4 5 9 0.0006862133499688
4 4 10 0.0006862133499688
4 16 9 0.0005926388022458
4 2 5 0.0005926388022458
4 16 12 0.0005926388022458
4 4 5 0.0005302557704304
4 7 6 0.0004990642545228
4 6 9 0.0004990642545228
4 8 16 0.0004678727386151
4 6 7 0.0004366812227074
4 0 6 0.0004054897067998
4 5 3 0.0003742981908921
4 13 10 0.0003742981908921
4 14 12 0.0003742981908921
4 8 5 0.0003742981908921
4 7 16 0.0003742981908921
4 1 8 0.0003742981908921
4 5 4 0.0003742981908921
4 13 5 0.0003431066749844
4 3 15 0.0003431066749844
4 16 15 0.0003431066749844
4 5 8 0.0003431066749844
4 0 16 0.0003431066749844
4 1 13 0.0003431066749844
4 6 12 0.0003119151590767
4 11 4 0.0003119151590767
4 18 16 0.0003119151590767
4 8 10 0.0003119151590767
4 3 10 0.0002807236431691
4 1 6 0.0002807236431691
4 11 2 0.0002807236431691
4 10 2 0.0002807236431691
4 2 10 0.0002807236431691
4 11 3 0.0002807236431691
4 5 2 0.0002807236431691
4 14 7 0.0002495321272614
4 7 5 0.0002495321272614
4 10 3 0.0002495321272614
4 15 3 0.0002495321272614
4 14 11 0.0002495321272614
5 16 0 0.0056768558951965
5 5 3 0.0038989394884591
5 14 9 0.0038053649407361
5 6 9 0.0035246412975671
5 8 5 0.0030879600748596
5 7 3 0.0028696194635059
5 9 10 0.0026824703680599
5 5 13 0.0024953212726139
5 8 14 0.0021834061135371
5 2 5 0.0020586400499064
5 13 9 0.0017155333749220
5 3 0 0.0017155333749220
5 16 16 0.0016219588271990
5 7 9 0.0015907673112913
5 0 9 0.0014348097317530
5 6 16 0.0014036182158453
5 7 4 0.0012476606363069
5 12 3 0.0012476606363069
5 17 6 0.0011540860885839
5 6 3 0.0009981285090455
5 3 3 0.0009981285090455
5 5 10 0.0009669369931379
5 1 5 0.0009357454772302
5 3 4 0.0008733624454148
5 16 11 0.0008421709295072
5 12 8 0.0007174048658765
5 9 12 0.0006862133499688
5 10 5 0.0006550218340611
5 18 18 0.0006238303181535
5 9 9 0.0006238303181535
5 6 6 0.0005926388022458
5 11 11 0.0005614472863381
5 9 19 0.0004990642545228
5 8 8 0.0004990642545228
5 19 9 0.0004678727386151
5 18 13 0.0004366812227074
5 15 15 0.0004366812227074
5 14 14 0.0004054897067998
5 19 0 0.0004054897067998
5 17 1 0.0003742981908921
5 4 3 0.0003119151590767
5 13 20 0.0003119151590767
5 8 3 0.0002807236431691
5 3 13 0.0002807236431691
5 6 13 0.0002807236431691
5 5 11 0.0002807236431691
5 11 5 0.0002807236431691
5 1 11 0.0002495321272614
5 14 13 0.0002495321272614
5 6 4 0.0002495321272614
6 14 16 0.0057704304429195
6 16 16 0.0053649407361198
6 16 3 0.0053337492202121
6 9 7 0.0043044291952589
6 6 3 0.0038053649407361
6 0 9 0.0036494073611978
6 6 4 0.0031503431066750
6 13 5 0.0024017467248908
6 9 10 0.0021522145976294
6 5 5 0.0021522145976294
6 5 6 0.0020586400499064
6 2 6 0.0018091079226450
6 6 10 0.0017779164067374
6 7 4 0.0014660012476606
6 11 16 0.0014660012476606
6 9 3 0.0014036182158453
6 14 10 0.0011852776044916
6 16 15 0.0011852776044916
6 0 8 0.0011540860885839
6 1 16 0.0010917030567686
6 16 11 0.0010605115408609
6 13 2 0.0010605115408609
6 9 5 0.0009357454772302
6 3 9 0.0009357454772302
6 0 2 0.0007797878976918
6 13 11 0.0007797878976918
6 5 16 0.0007797878976918
6 3 7 0.0007485963817842
6 7 2 0.0007485963817842
6 11 6 0.0007174048658765
6 18 18 0.0006550218340611
6 12 9 0.0006550218340611
6 8 7 0.0006550218340611
6 9 2 0.0006550218340611
6 14 11 0.0006238303181535
6 9 6 0.0006238303181535
6 10 16 0.0005926388022458
6 9 8 0.0005614472863381
6 4 7 0.0005302557704304
6 6 7 0.0005302557704304
6 2 12 0.0004990642545228
6 0 18 0.0004990642545228
6 14 7 0.0004990642545228
6 6 15 0.0004678727386151
6 18 12 0.0004678727386151
6 16 17 0.0004366812227074
6 18 7 0.0004054897067998
6 0 6 0.0003742981908921
6 19 2 0.0003742981908921
6 16 7 0.0003431066749844
7 0 16 0.0033686837180287
7 16 16 0.0029943855271366
7 6 9 0.0024953212726139
7 14 16 0.0022145976294448
7 16 3 0.0014971927635683
7 5 7 0.0013724266999376
7 3 9 0.0013412351840299
7 6 4 0.0013412351840299
7 13 6 0.0013100436681223
7 1 7 0.0012788521522146
7 14 8 0.0012788521522146
7 14 5 0.0012476606363069
7 10 7 0.0012164691203993
7 2 6 0.0011852776044916
7 3 6 0.0011540860885839
7 7 10 0.0011540860885839
7 7 6 0.0010293200249532
7 12 11 0.0009669369931379
7 7 5 0.0009669369931379
7 3 16 0.0009669369931379
7 0 10 0.0009357454772302
7 16 13 0.0009357454772302
7 0 9 0.0008109794135995
7 0 5 0.0007797878976918
7 16 12 0.0007797878976918
7 18 16 0.0007797878976918
7 9 10 0.0007174048658765
7 9 15 0.0007174048658765
7 16 2 0.0006862133499688
7 11 16 0.0006550218340611
7 6 3 0.0005926388022458
7 8 16 0.0005614472863381
7 14 6 0.0005614472863381
7 10 9 0.0005302557704304
7 6 2 0.0005302557704304
7 14 2 0.0004990642545228
7 15 9 0.0004990642545228
7 4 6 0.0004990642545228
7 4 16 0.0004678727386151
7 8 6 0.0004366812227074
7 13 16 0.0004054897067998
7 11 9 0.0003742981908921
7 16 6 0.0003431066749844
7 0 11 0.0003431066749844
7 12 6 0.0003119151590767
7 16 18 0.0003119151590767
7 1 5 0.0003119151590767
7 12 16 0.0003119151590767
7 18 6 0.0003119151590767
7 16 8 0.0003119151590767
8 6 6 0.0027760449157829
8 14 5 0.0024953212726139
8 9 9 0.0021210230817218
8 12 5 0.0019338739862757
8 14 13 0.0014660012476606
8 12 1 0.0011540860885839
8 14 9 0.0008733624454148
8 12 16 0.0008421709295072
8 16 7 0.0008109794135995
8 5 0 0.0007797878976918
8 8 5 0.0007797878976918
8 6 15 0.0007485963817842
8 14 1 0.0006862133499688
8 0 16 0.0006862133499688
8 3 14 0.0006550218340611
8 6 9 0.0006238303181535
8 6 12 0.0005926388022458
8 16 0 0.0005614472863381
8 10 7 0.0004990642545228
8 2 0 0.0004990642545228
8 13 5 0.0004678727386151
8 5 8 0.0004366812227074
8 0 6 0.0004366812227074
8 3 11 0.0004366812227074
8 8 11 0.0004054897067998
8 12 14 0.0004054897067998
8 1 6 0.0004054897067998
8 4 5 0.0003742981908921
8 6 11 0.0003742981908921
8 1 13 0.0003742981908921
8 11 0 0.0003431066749844
8 9 6 0.0003431066749844
8 2 4 0.0003431066749844
8 18 5 0.0003431066749844
8 11 6 0.0003431066749844
8 10 8 0.0003119151590767
8 0 14 0.0003119151590767
8 7 16 0.0003119151590767
8 10 4 0.0003119151590767
8 14 19 0.0002807236431691
8 5 18 0.0002807236431691
8 8 17 0.0002807236431691
8 18 15 0.0002807236431691
8 11 13 0.0002807236431691
8 8 10 0.0002807236431691
8 1 20 0.0002807236431691
8 4 15 0.0002807236431691
8 14 11 0.0002495321272614
8 18 17 0.0002495321272614
8 11 12 0.0002495321272614
9 16 16 0.0080162195882720
9 9 16 0.0078602620087336
9 9 6 0.0073611977542109
9 16 1 0.0071740486587648
9 16 9 0.0048346849656893
9 9 7 0.0046787273861510
9 5 16 0.0045539613225203
9 12 16 0.0029943855271366
9 5 9 0.0026200873362445
9 9 5 0.0024953212726139
9 16 5 0.0019026824703681
9 8 16 0.0018714909544604
9 3 14 0.0013724266999376
9 9 10 0.0013724266999376
9 9 18 0.0013100436681223
9 16 8 0.0012788521522146
9 4 16 0.0012476606363069
9 16 3 0.0010917030567686
9 9 11 0.0010605115408609
9 14 18 0.0010605115408609
9 3 16 0.0010605115408609
9 16 2 0.0010293200249532
9 6 8 0.0009669369931379
9 6 12 0.0009045539613225
9 3 6 0.0008733624454148
9 1 6 0.0008109794135995
9 16 14 0.0008109794135995
9 7 9 0.0007797878976918
9 14 5 0.0007485963817842
9 18 14 0.0006862133499688
9 17 12 0.0006862133499688
9 14 16 0.0006862133499688
9 18 6 0.0006238303181535
9 5 19 0.0005302557704304
9 12 17 0.0004990642545228
9 7 5 0.0004678727386151
9 17 19 0.0004678727386151
9 0 17 0.0004366812227074
9 4 6 0.0004054897067998
9 16 20 0.0004054897067998
9 0 11 0.0003742981908921
9 5 7 0.0003742981908921
9 14 8 0.0003742981908921
9 6 10 0.0003742981908921
9 6 13 0.0003431066749844
9 12 15 0.0003119151590767
9 12 1 0.0002807236431691
9 13 6 0.0002807236431691
9 6 18 0.0002807236431691
9 11 19 0.0002495321272614
10 16 5 0.0029943855271366
10 14 5 0.0024641297567062
10 16 6 0.0021522145976294
10 9 7 0.0017467248908297
10 6 3 0.0017155333749220
10 3 5 0.0014660012476606
10 14 18 0.0012476606363069
10 3 16 0.0012164691203993
10 7 9 0.0011852776044916
10 9 9 0.0011228945726762
10 5 5 0.0011228945726762
10 14 16 0.0010293200249532
10 6 6 0.0009357454772302
10 16 16 0.0009357454772302
10 3 6 0.0009045539613225
10 6 16 0.0008733624454148
10 13 13 0.0007485963817842
10 6 9 0.0006862133499688
10 2 2 0.0006238303181535
10 1 10 0.0006238303181535
10 4 4 0.0006238303181535
10 1 9 0.0005926388022458
10 1 5 0.0005926388022458
10 3 18 0.0004678727386151
10 10 5 0.0004366812227074
10 12 12 0.0004366812227074
10 9 12 0.0004366812227074
10 3 4 0.0004366812227074
10 1 2 0.0004366812227074
10 0 9 0.0004054897067998
10 7 12 0.0003742981908921
10 2 4 0.0003742981908921
10 14 3 0.0003431066749844
10 3 2 0.0003431066749844
10 8 4 0.0003431066749844
10 4 3 0.0003119151590767
10 8 8 0.0003119151590767
10 11 5 0.0003119151590767
10 4 6 0.0002807236431691
10 10 7 0.0002807236431691
10 18 6 0.0002807236431691
10 2 3 0.0002807236431691
10 0 7 0.0002807236431691
10 13 3 0.0002495321272614
10 15 15 0.0002495321272614
10 8 2 0.0002495321272614
10 13 8 0.0002495321272614
10 12 7 0.0002183406113537
10 13 18 0.0002183406113537
10 4 2 0.0002183406113537
11 16 3 0.0030567685589520
11 16 5 0.0027136618839676
11 6 2 0.0026200873362445
11 13 14 0.0025577043044292
11 5 16 0.0022457891453525
11 16 16 0.0018091079226450
11 9 16 0.0016843418590144
11 11 17 0.0015283842794760
11 6 5 0.0014348097317530
11 14 8 0.0011852776044916
11 11 5 0.0011852776044916
11 16 14 0.0009045539613225
11 12 7 0.0009045539613225
11 8 9 0.0009045539613225
11 16 6 0.0008733624454148
11 1 11 0.0008733624454148
11 5 11 0.0008421709295072
11 6 6 0.0007485963817842
11 13 3 0.0006862133499688
11 5 2 0.0006238303181535
11 14 14 0.0005926388022458
11 14 6 0.0005302557704304
11 7 0 0.0005302557704304
11 2 12 0.0005302557704304
11 6 16 0.0004678727386151
11 13 8 0.0004678727386151
11 0 19 0.0004678727386151
11 3 8 0.0004366812227074
11 2 4 0.0004054897067998
11 18 1 0.0004054897067998
11 8 3 0.0003742981908921
11 13 6 0.0003742981908921
11 0 12 0.0003742981908921
11 0 9 0.0003742981908921
11 5 5 0.0003431066749844
11 12 12 0.0003431066749844
11 3 13 0.0003119151590767
11 8 14 0.0003119151590767
11 7 9 0.0003119151590767
11 19 13 0.0003119151590767
11 19 7 0.0003119151590767
11 10 10 0.0003119151590767
11 4 4 0.0002807236431691
11 4 3 0.0002807236431691
11 9 9 0.0002495321272614
11 11 11 0.0002495321272614
11 15 1 0.0002495321272614
11 10 11 0.0002495321272614
11 17 15 0.0002495321272614
11 18 20 0.0002183406113537
12 0 16 0.0028072364316906
12 16 14 0.0025888958203369
12 11 16 0.0023705552089832
12 1 5 0.0020586400499064
12 6 16 0.0020274485339988
12 7 16 0.0017779164067374
12 16 9 0.0017467248908297
12 12 16 0.0017155333749220
12 5 6 0.0012476606363069
12 11 9 0.0009357454772302
12 12 5 0.0009357454772302
12 9 11 0.0009045539613225
12 12 1 0.0008421709295072
12 13 16 0.0008421709295072
12 2 5 0.0008421709295072
12 6 4 0.0007485963817842
12 6 2 0.0007485963817842
12 3 16 0.0007485963817842
12 5 12 0.0007174048658765
12 7 17 0.0006862133499688
12 16 8 0.0006862133499688
12 2 16 0.0006550218340611
12 5 7 0.0006238303181535
12 4 16 0.0006238303181535
12 16 3 0.0006238303181535
12 1 12 0.0005926388022458
12 9 1 0.0005926388022458
12 14 18 0.0005926388022458
12 16 2 0.0005614472863381
12 0 5 0.0005614472863381
12 10 12 0.0005302557704304
12 4 14 0.0004990642545228
12 14 13 0.0004990642545228
12 8 6 0.0004990642545228
12 14 6 0.0004678727386151
12 8 14 0.0004678727386151
12 16 13 0.0004366812227074
12 16 4 0.0004366812227074
12 16 18 0.0004366812227074
12 8 16 0.0004366812227074
12 6 13 0.0004366812227074
12 1 19 0.0004054897067998
12 3 6 0.0003742981908921
12 4 5 0.0003742981908921
12 0 11 0.0003742981908921
12 5 0 0.0003742981908921
12 1 9 0.0003742981908921
12 4 6 0.0003431066749844
12 5 19 0.0003119151590767
12 5 3 0.0003119151590767
13 13 14 0.0031503431066750
13 16 11 0.0024953212726139
13 1 16 0.0024641297567062
13 14 6 0.0020898315658141
13 16 1 0.0019026824703681
13 18 16 0.0018714909544604
13 5 16 0.0016531503431067
13 16 13 0.0014660012476606
13 5 13 0.0013724266999376
13 6 9 0.0013100436681223
13 1 13 0.0011540860885839
13 16 2 0.0011540860885839
13 9 14 0.0010917030567686
13 13 5 0.0010605115408609
13 7 16 0.0010605115408609
13 6 5 0.0009669369931379
13 14 9 0.0009669369931379
13 8 16 0.0009045539613225
13 6 11 0.0009045539613225
13 9 1 0.0008109794135995
13 6 0 0.0007174048658765
13 2 1 0.0006862133499688
13 12 16 0.0006862133499688
13 11 3 0.0006550218340611
13 19 14 0.0005926388022458
13 2 5 0.0005926388022458
13 6 12 0.0005926388022458
13 9 16 0.0005302557704304
13 11 18 0.0005302557704304
13 1 12 0.0004990642545228
13 18 5 0.0004678727386151
13 18 1 0.0004366812227074
13 10 13 0.0004366812227074
13 10 3 0.0004366812227074
13 14 19 0.0004366812227074
13 1 20 0.0004054897067998
13 4 1 0.0004054897067998
13 3 17 0.0004054897067998
13 8 1 0.0003742981908921
13 13 15 0.0003742981908921
13 3 6 0.0003742981908921
13 5 3 0.0003431066749844
13 14 0 0.0003431066749844
13 19 16 0.0003431066749844
13 0 14 0.0003431066749844
13 5 1 0.0003119151590767
13 16 12 0.0003119151590767
13 1 14 0.0003119151590767
13 5 18 0.0002495321272614
13 4 5 0.0002495321272614
14 6 8 0.0055832813474735
14 6 3 0.0054273237679351
14 7 16 0.0034934497816594
14 0 16 0.0034310667498440
14 12 11 0.0028384279475983
14 18 16 0.0028072364316906
14 14 5 0.0019338739862757
14 3 11 0.0018402994385527
14 8 1 0.0016843418590144
14 16 1 0.0015283842794760
14 8 5 0.0014348097317530
14 18 5 0.0014348097317530
14 10 14 0.0014348097317530
14 3 9 0.0013412351840299
14 1 14 0.0013100436681223
14 12 13 0.0012476606363069
14 14 19 0.0011852776044916
14 6 5 0.0011228945726762
14 9 18 0.0010605115408609
14 3 15 0.0009981285090455
14 0 13 0.0009669369931379
14 9 13 0.0009045539613225
14 10 13 0.0009045539613225
14 3 0 0.0009045539613225
14 1 16 0.0008733624454148
14 0 20 0.0008733624454148
14 3 5 0.0008109794135995
14 4 1 0.0008109794135995
14 4 0 0.0007797878976918
14 15 3 0.0007797878976918
14 16 15 0.0007485963817842
14 11 14 0.0006862133499688
14 19 14 0.0006862133499688
14 18 9 0.0006862133499688
14 8 0 0.0006550218340611
14 10 16 0.0006238303181535
14 5 16 0.0005926388022458
14 0 18 0.0005926388022458
14 9 14 0.0005926388022458
14 0 14 0.0004990642545228
14 12 18 0.0004678727386151
14 13 9 0.0004678727386151
14 14 11 0.0004366812227074
14 19 13 0.0004366812227074
14 13 19 0.0004366812227074
14 14 0 0.0004054897067998
14 20 19 0.0004054897067998
14 5 8 0.0003742981908921
14 6 17 0.0003742981908921
14 7 3 0.0003742981908921
15 16 13 0.0016219588271990
15 3 6 0.0009981285090455
15 3 9 0.0009669369931379
15 6 11 0.0008109794135995
15 7 9 0.0007797878976918
15 5 10 0.0006550218340611
15 9 0 0.0006550218340611
15 18 11 0.0006238303181535
15 16 6 0.0006238303181535
15 9 9 0.0006238303181535
15 14 16 0.0005926388022458
15 13 18 0.0005302557704304
15 5 11 0.0004366812227074
15 7 7 0.0004366812227074
15 4 6 0.0004054897067998
15 14 6 0.0004054897067998
15 11 5 0.0003431066749844
15 4 5 0.0003119151590767
15 0 7 0.0002807236431691
15 18 8 0.0002807236431691
15 11 11 0.0002495321272614
15 10 15 0.0002495321272614
15 8 18 0.0002495321272614
15 15 10 0.0002495321272614
15 1 5 0.0002495321272614
15 12 9 0.0002183406113537
15 14 14 0.0002183406113537
15 15 1 0.0002183406113537
15 8 13 0.0002183406113537
15 12 7 0.0001871490954460
15 9 12 0.0001871490954460
15 3 18 0.0001871490954460
15 9 7 0.0001871490954460
15 7 0 0.0001871490954460
15 6 16 0.0001871490954460
15 6 14 0.0001871490954460
15 13 6 0.0001559575795384
15 13 13 0.0001559575795384
15 0 9 0.0001559575795384
15 5 15 0.0001559575795384
15 0 0 0.0001247660636307
15 18 18 0.0001247660636307
15 13 3 0.0001247660636307
15 6 4 0.0001247660636307
15 14 18 0.0001247660636307
15 17 5 0.0001247660636307
15 3 3 0.0001247660636307
15 8 3 0.0001247660636307
15 5 1 0.0001247660636307
15 8 4 0.0000935745477230
16 16 16 0.0105427323767935
16 16 14 0.0105115408608858
16 6 16 0.0088895820336868
16 9 7 0.0058951965065502
16 3 3 0.0055208983156582
16 7 16 0.0053025577043044
16 16 6 0.0052713661883968
16 10 9 0.0037741734248285
16 5 9 0.0036182158452901
16 16 5 0.0032439176543980
16 6 6 0.0029943855271366
16 1 16 0.0026512788521522
16 1 9 0.0026200873362445
16 10 16 0.0024017467248908
16 9 5 0.0022769806612601
16 6 14 0.0019962570180911
16 13 16 0.0018714909544604
16 11 16 0.0016843418590144
16 18 9 0.0016219588271990
16 14 5 0.0015595757953837
16 13 9 0.0014971927635683
16 9 2 0.0014660012476606
16 4 9 0.0013412351840299
16 6 7 0.0011852776044916
16 5 7 0.0011540860885839
16 11 6 0.0010917030567686
16 5 6 0.0010293200249532
16 9 8 0.0009357454772302
16 14 11 0.0008733624454148
16 16 19 0.0008733624454148
16 2 12 0.0008421709295072
16 16 15 0.0008421709295072
16 11 11 0.0008421709295072
16 15 14 0.0008421709295072
16 18 7 0.0008109794135995
16 18 3 0.0008109794135995
16 9 18 0.0007797878976918
16 11 14 0.0007797878976918
16 3 12 0.0007797878976918
16 13 19 0.0007797878976918
16 5 18 0.0007485963817842
16 7 4 0.0007174048658765
16 6 10 0.0006550218340611
16 7 8 0.0006238303181535
16 6 15 0.0006238303181535
16 6 1 0.0005926388022458
16 10 14 0.0005614472863381
16 15 3 0.0005302557704304
16 9 14 0.0004990642545228
16 17 16 0.0004990642545228
17 16 6 0.0016219588271990
17 9 7 0.0012476606363069
17 16 16 0.0010293200249532
17 16 7 0.0009981285090455
17 9 6 0.0009981285090455
17 3 3 0.0008733624454148
17 17 11 0.0008421709295072
17 9 9 0.0005926388022458
17 9 12 0.0005926388022458
17 5 5 0.0005302557704304
17 16 14 0.0004678727386151
17 12 9 0.0004678727386151
17 18 9 0.0004366812227074
17 13 6 0.0004366812227074
17 5 17 0.0003742981908921
17 17 1 0.0003742981908921
17 17 5 0.0003431066749844
17 3 13 0.0003119151590767
17 9 19 0.0003119151590767
17 14 13 0.0002807236431691
17 6 14 0.0002495321272614
17 14 16 0.0002495321272614
17 6 16 0.0002183406113537
17 18 20 0.0002183406113537
17 10 17 0.0002183406113537
17 12 12 0.0002183406113537
17 14 14 0.0002183406113537
17 5 1 0.0001871490954460
17 4 2 0.0001871490954460
17 13 13 0.0001871490954460
17 8 13 0.0001871490954460
17 8 8 0.0001871490954460
17 1 5 0.0001871490954460
17 18 13 0.0001871490954460
17 15 1 0.0001559575795384
17 1 17 0.0001559575795384
17 6 6 0.0001559575795384
17 15 11 0.0001559575795384
17 9 0 0.0001559575795384
17 5 11 0.0001559575795384
17 3 6 0.0001559575795384
17 6 8 0.0001247660636307
17 8 18 0.0001247660636307
17 11 15 0.0001247660636307
17 4 4 0.0001247660636307
17 8 2 0.0000935745477230
17 8 3 0.0000935745477230
17 13 20 0.0000935745477230
17 13 2 0.0000935745477230
17 19 9 0.0000935745477230
18 16 16 0.0033998752339364
18 18 18 0.0019962570180911
18 5 6 0.0019650655021834
18 7 9 0.0019026824703681
18 18 9 0.0014036182158453
18 16 3 0.0014036182158453
18 13 13 0.0010917030567686
18 9 16 0.0010605115408609
18 16 0 0.0009981285090455
18 16 12 0.0009981285090455
18 16 9 0.0009357454772302
18 1 16 0.0008421709295072
18 16 2 0.0008109794135995
18 1 14 0.0008109794135995
18 5 18 0.0007174048658765
18 6 1 0.0006862133499688
18 7 14 0.0006862133499688
18 16 8 0.0006550218340611
18 1 18 0.0004990642545228
18 0 18 0.0004678727386151
18 13 1 0.0004678727386151
18 3 1 0.0004678727386151
18 16 7 0.0004366812227074
18 13 16 0.0004054897067998
18 6 12 0.0004054897067998
18 13 11 0.0004054897067998
18 14 0 0.0004054897067998
18 6 9 0.0003742981908921
18 7 16 0.0003431066749844
18 7 6 0.0003431066749844
18 4 11 0.0003431066749844
18 18 11 0.0003431066749844
18 5 8 0.0003431066749844
18 13 5 0.0003119151590767
18 9 6 0.0003119151590767
18 0 14 0.0003119151590767
18 5 13 0.0003119151590767
18 12 16 0.0003119151590767
18 9 5 0.0003119151590767
18 8 1 0.0002807236431691
18 17 13 0.0002807236431691
18 13 10 0.0002495321272614
18 16 19 0.0002495321272614
18 11 8 0.0002183406113537
18 8 5 0.0002183406113537
18 5 4 0.0002183406113537
18 15 8 0.0002183406113537
18 10 13 0.0002183406113537
18 10 8 0.0002183406113537
18 10 3 0.0002183406113537
19 16 14 0.0014660012476606
19 6 16 0.0012164691203993
19 14 16 0.0008733624454148
19 5 16 0.0008421709295072
19 16 9 0.0007797878976918
19 5 1 0.0006550218340611
19 6 8 0.0004990642545228
19 13 16 0.0004990642545228
19 11 9 0.0004678727386151
19 16 13 0.0004366812227074
19 9 16 0.0004054897067998
19 12 5 0.0003742981908921
19 14 14 0.0003742981908921
19 9 11 0.0003742981908921
19 0 17 0.0003431066749844
19 16 20 0.0003431066749844
19 14 3 0.0003431066749844
19 13 14 0.0003119151590767
19 5 0 0.0003119151590767
19 5 12 0.0003119151590767
19 18 16 0.0003119151590767
19 12 1 0.0002807236431691
19 19 1 0.0002807236431691
19 3 16 0.0002807236431691
19 1 19 0.0002807236431691
19 18 14 0.0002495321272614
19 6 14 0.0002183406113537
19 2 16 0.0002183406113537
19 8 14 0.0001871490954460
19 8 16 0.0001871490954460
19 16 8 0.0001871490954460
19 7 11 0.0001559575795384
19 14 20 0.0001559575795384
19 7 17 0.0001559575795384
19 9 1 0.0001559575795384
19 6 13 0.0001559575795384
19 5 19 0.0001247660636307
19 14 13 0.0001247660636307
19 0 5 0.0001247660636307
19 6 3 0.0000935745477230
19 7 1 0.0000935745477230
19 7 5 0.0000935745477230
19 19 5 0.0000935745477230
19 0 11 0.0000935745477230
19 11 12 0.0000935745477230
19 18 1 0.0000623830318153
19 16 18 0.0000623830318153
19 0 1 0.0000623830318153
19 10 0 0.0000623830318153
19 17 0 0.0000623830318153
20 18 16 0.0007797878976918
20 16 1 0.0007797878976918
20 10 16 0.0007485963817842
20 1 16 0.0005614472863381
20 16 10 0.0005302557704304
20 9 14 0.0004990642545228
20 16 0 0.0004054897067998
20 14 11 0.0003431066749844
20 7 16 0.0003431066749844
20 16 9 0.0003119151590767
20 6 1 0.0003119151590767
20 14 19 0.0003119151590767
20 0 16 0.0002495321272614
20 18 14 0.0002495321272614
20 20 1 0.0002495321272614
20 14 9 0.0002495321272614
20 18 5 0.0002495321272614
20 6 12 0.0002183406113537
20 5 18 0.0002183406113537
20 20 5 0.0002183406113537
20 10 8 0.0001871490954460
20 8 5 0.0001871490954460
20 5 8 0.0001871490954460
20 6 9 0.0001871490954460
20 12 16 0.0001559575795384
20 11 3 0.0001559575795384
20 5 13 0.0001559575795384
20 9 4 0.0001559575795384
20 13 5 0.0001559575795384
20 3 11 0.0001559575795384
20 1 13 0.0001559575795384
20 18 11 0.0001247660636307
20 6 5 0.0001247660636307
20 11 13 0.0001247660636307
20 8 1 0.0001247660636307
20 11 18 0.0001247660636307
20 10 13 0.0001247660636307
20 16 19 0.0000935745477230
20 13 7 0.0000935745477230
20 17 6 0.0000935745477230
20 9 16 0.0000935745477230
20 6 11 0.0000935745477230
20 17 18 0.0000935745477230
20 1 14 0.0000623830318153
20 15 8 0.0000623830318153
20 17 13 0.0000623830318153
20 3 17 0.0000623830318153
20 10 3 0.0000311915159077
20 5 14 0.0000311915159077
20 13 1 0.0000311915159077
21 5 7 0.0003119151590767
21 5 10 0.0003119151590767
21 6 12 0.0002807236431691
21 14 9 0.0002183406113537
21 12 6 0.0002183406113537
21 4 11 0.0001871490954460
21 18 5 0.0001559575795384
21 9 16 0.0001559575795384
21 9 6 0.0001559575795384
21 0 16 0.0001247660636307
21 8 5 0.0001247660636307
21 5 4 0.0001247660636307
21 16 12 0.0001247660636307
21 16 7 0.0001247660636307
21 13 10 0.0001247660636307
21 16 9 0.0000935745477230
21 6 7 0.0000935745477230
21 12 16 0.0000935745477230
21 5 3 0.0000935745477230
21 11 4 0.0000623830318153
21 15 4 0.0000623830318153
21 8 11 0.0000623830318153
21 10 2 0.0000623830318153
21 10 3 0.0000623830318153
21 11 3 0.0000623830318153
21 3 6 0.0000623830318153
21 6 9 0.0000623830318153
21 14 7 0.0000623830318153
21 8 10 0.0000311915159077
21 1 2 0.0000311915159077
21 3 5 0.0000311915159077
21 2 10 0.0000311915159077
21 17 3 0.0000311915159077
21 4 17 0.0000311915159077
21 5 8 0.0000311915159077
21 3 10 0.0000311915159077
21 7 16 0.0000311915159077
21 5 21 0.0000311915159077
21 1 8 0.0000311915159077
21 14 12 0.0000311915159077
21 13 5 0.0000000000000000
21 12 10 0.0000000000000000
21 2 5 0.0000000000000000
21 11 8 0.0000000000000000
21 10 4 0.0000000000000000
21 17 8 0.0000000000000000
21 8 15 0.0000000000000000
21 18 10 0.0000000000000000
21 19 6 0.0000000000000000
21 21 5 0.0000000000000000
22 1 16 0.0000311915159077
22 3 7 0.0000311915159077
22 4 12 0.0000311915159077
22 6 11 0.0000311915159077
22 9 4 0.0000311915159077
22 17 6 0.0000311915159077
23 4 15 0.0000935745477230
23 9 16 0.0000935745477230
23 3 15 0.0000623830318153
23 4 5 0.0000623830318153
23 6 7 0.0000623830318153
23 16 7 0.0000623830318153
23 16 9 0.0000623830318153
23 17 4 0.0000623830318153
23 1 18 0.0000311915159077
23 2 17 0.0000311915159077
23 3 10 0.0000311915159077
23 3 11 0.0000311915159077
23 5 18 0.0000311915159077
23 7 20 0.0000311915159077
23 8 5 0.0000311915159077
23 8 9 0.0000311915159077
23 9 6 0.0000311915159077
23 10 4 0.0000311915159077
23 14 9 0.0000311915159077
23 23 10 0.0000311915159077
23 21 10 0.0000000000000000
24 3 6 0.0000311915159077
24 6 2 0.0000311915159077
24 6 4 0.0000311915159077
24 9 10 0.0000311915159077
24 12 15 0.0000311915159077
24 14 18 0.0000311915159077
24 16 2 0.0000311915159077
24 16 18 0.0000311915159077
